7 0.5698878413524058 0.38101430429128746 0.13008777633290003 0.24707412223667094
7 0.6978218465539652 0.459037711313394 0.1154421326397918 0.18725617685305604
8 0.6801609232769832 0.27698309492847856 0.023260728218465518 0.03901170351105332
8 0.7034216514954486 0.21456436931079323 0.021537711313394114 0.0364109232769831
8 0.6207168400520156 0.21196358907672302 0.035321846553966196 0.04681404421326398
8 0.8503088426527958 0.45253576072821844 0.020676202860858268 0.05981794538361512
8 0.6857607282184656 0.7340702210663198 0.020676202860858268 0.0429128738621587
8 0.7848342002600781 0.6710013003901171 0.013784135240572084 0.05461638491547461
8 0.6103787386215864 0.7022106631989596 0.04393693107932378 0.05461638491547461
5 0.5505039011703511 0.5754226267880364 0.05513654096228862 0.10013003901170357
5 0.5914255526657997 0.6365409622886866 0.031875812743823104 0.032509752925877676
5 0.4828754876462939 0.43042912873862155 0.03876788036410929 0.07542262678803638
8 0.7154827698309493 0.5793237971391417 0.0370448634590376 0.06111833550065015
8 0.6711150845253576 0.6599479843953184 0.022399219765929672 0.04551365409622882
8 0.7249593628088427 0.6456436931079323 0.02498374512353706 0.02990897269180756
