8 0.25069895968790634 0.540962288686606 0.16196358907672298 0.31209362808842656
8 0.3394343302990896 0.7106631989596883 0.1154421326397917 0.11313394018205415
8 0.4626300390117038 0.5208062418725616 0.10510403120936292 0.23797139141742538
8 0.3906940832249674 0.8342002600780234 0.019814694408322495 0.03250975292587782
8 0.5091514954486346 0.8797139141742523 0.03790637191157351 0.04031209362808838
8 0.3842327698309493 0.4440832249674902 0.0361833550065019 0.04811443433029901
8 0.4208468790637191 0.3446033810143043 0.09390442132639791 0.08582574772431731
8 0.27740572171651495 0.7581274382314694 0.060305591677503295 0.06501950585175564
8 0.29334362808842657 0.8003901170351103 0.03187581274382314 0.024707412223667125
8 0.33728055916775035 0.7873862158647594 0.023260728218465518 0.045513654096228894
8 0.21580786736020804 0.7529258777633291 0.021537711313394006 0.03381014304291284
8 0.450138166449935 0.663849154746424 0.035321846553966196 0.0715214564369311
