5 0.21623862158647575 0.2938881664499348 0.09304291287386235 0.09622886866059814
8 0.7154827698309493 0.7776332899869961 0.0370448634590376 0.031209362808842515
8 0.8722773081924576 0.8823146944083226 0.028429778933680153 0.05071521456436941
8 0.6370855006501951 0.969440832249675 0.035321846553966266 0.0429128738621587
5 0.2696521456436931 0.39466840052015606 0.08098179453836153 0.11053315994798439
5 0.19427015604681405 0.399219765929779 0.0663361508452536 0.059817945383615054
5 0.16928641092327698 0.5143042912873862 0.035321846553966196 0.06371911573472047
5 0.14817945383615083 0.44993498049414826 0.02067620286085825 0.054616384915474686
5 0.15421001300390116 0.3426527958387516 0.024122236671001288 0.02990897269180756
5 0.26706762028608577 0.5182054616384915 0.02756827048114438 0.04031209362808838
