6 0.5561037061118326 0.2399219765929775 0.12836475942782918 0.17035110533159956
8 0.6633615084525357 0.2808842652795839 0.12405721716514954 0.22886866059817948
8 0.5823797139141749 0.45253576072821844 0.10165799739921967 0.09882964889466819
8 0.5108745123537061 0.3368010403120937 0.06892067620286085 0.1820546163849155
8 0.5354275032509753 0.14434330299089726 0.12147269180754229 0.08322496749024706
8 0.730989921976593 0.49479843953185965 0.18005526657997392 0.1469440832249675
8 0.8248943433029907 0.406371911573472 0.01809167750325102 0.05851755526657996
8 0.770619310793238 0.38036410923277 0.042213914174252125 0.0845253576072822
8 0.8304941482444732 0.23927178153446035 0.029291287386216 0.04421326397919376
8 0.8124024707412224 0.19505851755526651 0.034460338101430676 0.03381014304291286
8 0.7826804291287385 0.15084525357607284 0.035321846553966196 0.031209362808842657
8 0.7533891417425227 0.1820546163849155 0.03359882964889451 0.06762028608582572
8 0.7331436931079324 0.22886866059817948 0.024122236671001218 0.04421326397919376
8 0.6530234070221067 0.09492847854356307 0.05169050715214567 0.05721716514954486
8 0.6332087126137842 0.13133940182054615 0.027568270481144238 0.036410923276983115
8 0.6904990247074122 0.043563068920676205 0.026706762028608607 0.03511053315994799
8 0.6301934330299089 0.029258777633289986 0.023260728218465587 0.045513654096228866
8 0.5754876462938882 0.048114434330299084 0.029291287386215926 0.020806241872561766
8 0.5479193758127439 0.06892067620286087 0.02412223667100136 0.04681404421326399
8 0.8615084525357607 0.5780234070221066 0.027568270481144453 0.03771131339401805
6 0.5789336801040303 0.3569570871261379 0.08615084525357637 0.10793237971391419
