5 0.5733338751625482 0.5500650195058518 0.07667425227568313 0.12223667100130103
6 0.4402308192457737 0.5975292587776333 0.03790637191157344 0.05331599479843959
6 0.5685955786736021 0.45578673602080627 0.12233420026007799 0.07152145643693103
6 0.6383777633289986 0.5156046814044214 0.06547464239271783 0.15734720416124837
6 0.4746911573472042 0.6586475942782835 0.036183355006501966 0.055916775032509844
8 0.6069327048114435 0.7795838751625488 0.3437418725617685 0.21196358907672305
8 0.7253901170351105 0.5611183355006502 0.11888816644993497 0.2899869960988297
8 0.5914255526657998 0.39791937581274384 0.15593302990897265 0.059817945383615054
8 0.47899869960988295 0.5916775032509753 0.024122236671001288 0.03381014304291284
8 0.525520156046814 0.6027308192457737 0.06547464239271783 0.14174252275682706
8 0.4514304291287386 0.5448634590377114 0.034460338101430496 0.054616384915474686
8 0.42816970091027307 0.6280884265279585 0.02412223667100136 0.04681404421326398
