2 0.23777633289986994 0.2730819245773732 0.12405721716514957 0.2652795838751625
2 0.3071277633289987 0.43302990897269183 0.0870123537061119 0.13263979193758133
2 0.24423764629388814 0.5188556566970091 0.10424252275682701 0.2080624187256177
2 0.17273244473342003 0.4752925877763329 0.140425877763329 0.3263979193758127
9 0.5349967490247074 0.7269180754226268 0.08787386215864763 0.14044213263979202
9 0.6142555266579978 0.842002600780234 0.12405721716514974 0.23797139141742538
9 0.4583224967490244 0.8608582574772431 0.18608582574772417 0.22106631989596898
2 0.40792425227568274 0.6983094928478545 0.07495123537061125 0.14824447334200258
2 0.5638572821846554 0.5578673602080625 0.04565994798439533 0.08842652795838746
2 0.47813719115734726 0.5390117035110533 0.04824447334200265 0.058517555266580035
2 0.4712451235370611 0.6599479843953187 0.03962938881664499 0.055916775032509705
2 0.47081436931079323 0.600780234070221 0.03876788036410922 0.07542262678803645
2 0.35709525357607275 0.7867360208062419 0.04221391417425231 0.06241872561768517
9 0.518628088426528 0.6105331599479844 0.05513654096228869 0.07412223667100129
6 0.4923520806241872 0.2613784135240572 0.11113459037711315 0.16124837451235374
