5 0.3760484395318597 0.53446033810143 0.11630364109232745 0.17685305591677486
6 0.2425146293888165 0.7542262678803637 0.08356631989596847 0.15344603381014418
6 0.1697171651495447 0.6319895968790624 0.09648894668400505 0.14044213263979144
6 0.1934086475942783 0.52925877763329 0.0766742522756827 0.06501950585175549
8 0.3338345253576068 0.7366710013003903 0.13008777633289972 0.2561768530559164
8 0.16282509752925875 0.7737321196358907 0.08615084525357605 0.13003901170351098
8 0.27309817945383613 0.5422626788036411 0.11888816644993497 0.2886866059817946
8 0.18307054616384913 0.4895968790637191 0.07495123537061119 0.06371911573472047
8 0.2097773081924577 0.435630689206762 0.03704486345903771 0.031209362808842584
8 0.129657022106632 0.647594278283485 0.040490897269180766 0.04941482444733424
8 0.4346310143042913 0.6684005201560467 0.06805916775032514 0.2496749024707411
8 0.48632152145643687 0.6794538361508452 0.03876788036410922 0.1001300390117035
8 0.5216433680104031 0.4889466840052016 0.02498374512353706 0.03641092327698317
8 0.5948715864759427 0.5149544863459038 0.026706762028608538 0.04681404421326391
8 0.6978218465539662 0.5065019505851756 0.018953185955786864 0.05851755526657996
8 0.7038524057217166 0.36150845253576064 0.025845253576072764 0.03381014304291291
8 0.18091677503250975 0.2743823146944083 0.020676202860858268 0.031209362808842657
8 0.1300877763328999 0.2743823146944083 0.01895318595578674 0.026007802340702213
