6 0.5789336801040312 0.33094928478543567 0.09304291287386214 0.10013003901170353
8 0.47210663198959685 0.5799739921976594 0.02756827048114431 0.04161248374512347
8 0.4441076072821846 0.6111833550065019 0.02498374512353706 0.0442132639791938
8 0.5737646293888166 0.5851755526657998 0.022399219765929887 0.036410923276983025
8 0.6375162548764629 0.6664499349804942 0.03101430429128733 0.05071521456436926
8 0.6293319245773732 0.9278283485045514 0.028429778933680084 0.035110533159948006
8 0.8076641742522759 0.5929778933680107 0.08528933680104003 0.13263979193758133
8 0.46435305591677506 0.3368010403120937 0.03790637191157344 0.049414824447334166
8 0.5009671651495448 0.37451235370611186 0.042213914174252236 0.06762028608582575
8 0.579364434330299 0.41547464239271775 0.04565994798439533 0.0663198959687906
8 0.6383777633289988 0.4102730819245774 0.0361833550065019 0.05851755526657996
8 0.6629307542262679 0.3250975292587776 0.03187581274382325 0.04681404421326402
8 0.6220091027308191 0.28998699609882955 0.04824447334200264 0.03901170351105329
8 0.525520156046814 0.2867360208062419 0.027568270481144453 0.032509752925877745
8 0.6831762028608582 0.48439531859557866 0.027568270481144453 0.042912873862158564
8 0.7520968790637191 0.4609882964889466 0.025845253576072764 0.04291287386215863
8 0.7219440832249674 0.40182054616384916 0.01895318595578672 0.04161248374512347
8 0.4410923276983095 0.5130039011703511 0.022399219765929745 0.04291287386215863
8 0.7589889466840052 0.38621586475942776 0.03790637191157359 0.05721716514954487
8 0.7874187256176853 0.41937581274382313 0.02412223667100136 0.02990897269180756
8 0.4901983094928478 0.435630689206762 0.020676202860858268 0.04421326397919373
8 0.49105981794538367 0.47724317295188556 0.025845253576072834 0.031209362808842657
8 0.7555429128738621 0.7288686605981795 0.0361833550065019 0.07412223667100136
