8 0.5785029258777633 0.3621586475942783 0.08356631989596891 0.1157347204161249
8 0.6491466189856956 0.4752925877763329 0.07839726918075414 0.12613784135240563
8 0.5608420026007803 0.7048114434330298 0.05685955786736017 0.07022106631989601
8 0.6198553315994798 0.6781534460338102 0.03359882964889472 0.055916775032509775
8 0.36614109232769837 0.45188556566970095 0.025845253576072834 0.05331599479843952
8 0.38466352405721715 0.3478543563068921 0.028429778933680153 0.0429128738621587
8 0.352787711313394 0.3927178153446034 0.02153771131339404 0.0364109232769831
8 0.514751300390117 0.3179453836150845 0.02326072821846548 0.037711313394018474
8 0.5724723667100129 0.2613784135240565 0.0232607282184654 0.049414824447334194
8 0.7645887516254877 0.3081924577373212 0.019814694408322567 0.04421326397919373
8 0.43333875162548763 0.6391417425227569 0.022399219765929814 0.03771131339401819
8 0.5496423927178153 0.46944083224967487 0.024122236671001218 0.026007802340702213
8 0.33383452535760727 0.8296488946684005 0.02842977893368012 0.04421326397919373
8 0.360110533159948 0.869960988296489 0.02756827048114438 0.028608582574772327
6 0.41610858257477246 0.4460338101430429 0.082704811443433 0.13784135240572176
