5 0.3575260078023407 0.5013003901170352 0.19470091027308198 0.31599479843953193
2 0.48976755526657983 0.5598179453836152 0.18005526657997387 0.26137841352405716
8 0.06289011703511053 0.7542262678803641 0.031014304291287386 0.039011703511053354
8 0.18737808842652798 0.8394018205461639 0.061167100130038995 0.06631989596879066
8 0.20030071521456436 0.6710013003901171 0.049105981794538386 0.21066319895968788
8 0.241222366710013 0.7945383615084525 0.020676202860858268 0.04681404421326391
8 0.29506664499349805 0.7360208062418727 0.01981469440832253 0.026007802340702282
8 0.31014304291287387 0.7035110533159948 0.0258452535760728 0.020806241872561627
8 0.36011053315994807 0.7587776332899863 0.029291287386215857 0.03511053315994799
8 0.428600455136541 0.7366710013003902 0.019814694408322495 0.029908972691807634
8 0.4690913524057217 0.7496749024707412 0.016368660598179475 0.04031209362808852
8 0.5091514954486346 0.7269180754226267 0.022399219765929814 0.039011703511053354
8 0.5324122236671002 0.6846553966189856 0.02067620286085841 0.029908972691807634
8 0.485890767230169 0.6970091027308192 0.029291287386215857 0.039011703511053354
8 0.3967246423927178 0.6937581274382315 0.11458062418725617 0.07932379713914173
8 0.3256501950585175 0.6482444733420027 0.07408972691807544 0.07152145643693117
8 0.38940182054616385 0.34135240572171655 0.13611833550065022 0.11313394018205461
8 0.5117360208062417 0.43172951885565647 0.07581274382314694 0.05461638491547423
8 0.5113052665799739 0.34135240572171655 0.031875812743823104 0.04031209362808845
8 0.6616384915474643 0.47139141742522755 0.020676202860858126 0.02990897269180756
8 0.75597366710013 0.7392717815344604 0.02498374512353706 0.045513654096228894
8 0.13439531859557868 0.7197659297789336 0.017230169050715248 0.024707412223667156
8 0.2838670351105332 0.7685305591677504 0.012922626788036382 0.03381014304291284
8 0.2550065019505851 0.7275682704811441 0.012061118335500644 0.027308192457737305
