2 0.39801690507152143 0.6755526657997399 0.1636866059817945 0.2197659297789336
8 0.30238946684005197 0.42327698309492845 0.11371911573472043 0.16775032509752927
6 0.3351267880364105 0.450585175552666 0.04824447334200262 0.08192457737321236
6 0.5423195708712614 0.5578673602080625 0.10596553966189859 0.16384915474642392
8 0.29205136540962284 0.5721716514954487 0.04824447334200262 0.09102730819245779
8 0.34804941482444735 0.5143042912873862 0.08098179453836149 0.09232769830949288
8 0.3523569570871261 0.3569570871261379 0.020676202860858268 0.029908972691807492
8 0.5806566970091027 0.5429128738621586 0.0516905071521456 0.06111833550065029
8 0.3950016254876463 0.7639791937581275 0.05082899869960983 0.07412223667100136
8 0.5134590377113135 0.7405721716514954 0.04824447334200265 0.05331599479843959
