6 0.5897025357607282 0.40572171651495453 0.05427503250975299 0.05721716514954487
6 0.6112402470741221 0.5240572171651493 0.0594440832249675 0.08062418725617708
6 0.39457087126137835 0.6371911573472042 0.03790637191157351 0.04941482444733424
5 0.28042100130038994 0.3211963589076723 0.037044863459037895 0.06241872561768523
6 0.4492766579973992 0.6833550065019506 0.026706762028608607 0.03511053315994786
6 0.43721553966189847 0.6495448634590377 0.023260728218465587 0.032509752925877745
6 0.4733988946684001 0.6072821846553964 0.01981469440832273 0.033810143042913014
6 0.43893855656697006 0.5851755526657998 0.016368660598179475 0.03381014304291284
6 0.39672464239271776 0.33420026007802334 0.026706762028608538 0.03120936280884262
6 0.2692213914174252 0.3621586475942783 0.021537711313394076 0.032509752925877745
