2 0.2063312743823147 0.46423927178153446 0.08012028608582575 0.14044213263979188
2 0.27740572171651495 0.505851755526658 0.08787386215864756 0.1820546163849154
2 0.3549414824447334 0.5390117035110533 0.1171651495448635 0.19635890767230166
2 0.43807704811443426 0.8179453836150844 0.1300877763328999 0.16124837451235366
2 0.5681648244473342 0.7821846553966191 0.14387191157347204 0.18335500650195058
2 0.6982526007802341 0.8107932379713914 0.10596553966189845 0.24317295188556584
2 0.777511378413524 0.6612483745123536 0.1007964889466841 0.21196358907672297
2 0.6762841352405721 0.5715214564369311 0.1516254876462939 0.21456436931079323
2 0.6052096879063719 0.6079323797139142 0.09735045513654086 0.1417425227568271
2 0.6043481794538361 0.34850455136540964 0.136979843953186 0.19765929778933683
2 0.737881989596879 0.43302990897269183 0.14559492847854358 0.2288686605981795
0 0.7072984395318597 0.2756827048114434 0.09131989596879052 0.21586475942782835
