5 0.3359882964889466 0.6020806241872562 0.07408972691807544 0.14044213263979202
5 0.47856794538361513 0.3836150845253576 0.09562743823146974 0.16644993498049407
0 0.5759184005201545 0.5455136540962281 0.08356631989596877 0.2041612483745117
5 0.38897106631989575 0.4590377113133941 0.09218140442132644 0.15344603381014385
0 0.5216433680104031 0.6384915474642391 0.10768855656697005 0.20806241872561768
0 0.4329079973992198 0.6326397919375814 0.09045838751625489 0.1313394018205461
0 0.41093953185955784 0.5429128738621587 0.05513654096228869 0.05331599479843952
0 0.45659947984395316 0.5344603381014305 0.06375162548764628 0.05461638491547454
0 0.5001056566970091 0.47854356306892065 0.05599804941482441 0.05981794538361512
0 0.5147513003901171 0.42262678803641096 0.03704486345903774 0.07802340702210664
0 0.5354275032509753 0.5279583875162549 0.03704486345903781 0.0572171651495448
