8 0.445399869960988 0.6866059817945382 0.10165799739921938 0.14304291287386128
8 0.4945058517555267 0.8654096228868662 0.02756827048114431 0.055916775032509775
8 0.5427503250975293 0.8966189856957086 0.03273732119635895 0.03771131339401819
8 0.5780721716514954 0.8582574772431729 0.029291287386215784 0.04421326397919387
8 0.7464970741222366 0.8088426527958387 0.023260728218465657 0.04681404421326391
8 0.3321115084525357 0.9258777633289986 0.03015279583875163 0.036410923276983025
8 0.39801690507152143 0.5669700910273082 0.031014304291287403 0.04681404421326391
8 0.5655802990897268 0.52925877763329 0.19900845253576072 0.2756827048114434
8 0.5354275032509753 0.29973992197659294 0.04910598179453842 0.07672301690507148
5 0.727113133940182 0.25942782834850453 0.05685955786736017 0.12873862158647598
5 0.7620042262678802 0.16189856957087126 0.12319570871261376 0.1209362808842653
5 0.6814531859557867 0.22366710013003904 0.029291287386215857 0.07022106631989597
5 0.30325097529258777 0.1319895968790637 0.046521456436931036 0.07412223667100129
5 0.4798602080624187 0.31014304291287387 0.053413524057217075 0.05851755526658
8 0.5733338751625487 0.7600780234070221 0.16110208062418713 0.14954486345903775
8 0.5776414174252276 0.6937581274382315 0.019814694408322495 0.042912873862158564
8 0.5306892067620287 0.6710013003901171 0.025845253576072834 0.023407022106631814
