7 0.5031209362808843 0.1983094928478544 0.18608582574772428 0.1963589076723017
7 0.4234314044213264 0.39401820546163846 0.09390442132639798 0.20286085825747727
8 0.5530884265279583 0.5195058517555267 0.15162548764629386 0.14174252275682706
8 0.6650845253576072 0.3068920676202861 0.14473342002600786 0.2600780234070222
8 0.5164743172951884 0.3387516254876462 0.024983745123537272 0.05591677503250973
8 0.48459850455136533 0.31534460338101433 0.03015279583875163 0.05331599479843959
8 0.6715458387516254 0.4960988296488946 0.06289011703511051 0.0429128738621587
8 0.3885403120936281 0.5162548764629387 0.025845253576072907 0.036410923276983045
8 0.3536492197659297 0.40377113133940185 0.03359882964889465 0.06631989596879073
8 0.3665718465539661 0.31469440832249673 0.018091677503250924 0.04941482444733421
8 0.3588182704811443 0.2639791937581274 0.028429778933680153 0.033810143042912875
8 0.4492766579973992 0.8985695708712613 0.02498374512353706 0.07022106631989601
