2 0.565149544863459 0.41157347204161243 0.14301040312093627 0.2405721716514954
2 0.8373862158647596 0.41222366710012986 0.08787386215864756 0.25487646293888166
6 0.6504388816644994 0.5637191157347204 0.053413524057217214 0.07672301690507155
8 0.6366547464239272 0.4629388816644993 0.06892067620286085 0.13524057217165145
8 0.5552421976592978 0.5318595578673602 0.05772106631989595 0.041612483745123614
8 0.6004713914174249 0.5604681404421329 0.04824447334200266 0.04941482444733405
8 0.6026251625487646 0.5812743823146944 0.004307542262678865 0.010403120936280884
8 0.5147513003901171 0.46423927178153446 0.06805916775032507 0.07802340702210664
8 0.6525926527958387 0.37711313394018203 0.035321846553966196 0.04941482444733424
9 0.6280396618985697 0.25877763328998693 0.14645643693107954 0.18725617685305587
9 0.720221066319896 0.3738621586475942 0.0964889466840053 0.0715214564369311
9 0.5362890117035111 0.25617685305591675 0.0663361508452536 0.09622886866059821
